1600       0.000    0.00831      1.023     0.00    0.00      0.00
1610       0.249     0.0219      2.564     0.00    0.00      0.00
1620       0.499     0.0374      4.178     0.00    0.00      0.00
1630       0.749     0.0619      6.430     0.00    0.00      0.00
1640       0.998     0.0876      8.767     0.00    0.00      0.00
1650       1.247      0.116     10.941     0.00    0.00      0.00
1660       1.497      0.148     13.176     0.00    0.00      0.00
1670       1.747      0.178     14.641     0.00    0.00      0.00
1680       1.917      0.205     16.150     0.00    0.00      0.00
1690       2.041      0.232     17.129     0.00    0.00      0.00
1700       2.142      0.265     18.139     0.00    0.00      0.00
1710       2.159      0.288     18.370     0.00    0.00      0.00
1720       2.196      0.311     18.560     0.00    0.00      0.00
1730       2.330      0.355     19.710     0.00    0.00      0.00
1740       2.460      0.407     20.832     0.00    0.00      0.00
1750       2.568      0.460     21.652     0.00    0.00      0.00
1760       2.673      0.516     22.463     0.00    0.00      0.00
1770       2.736      0.574     22.797     0.00    0.00      0.00
1780       2.798      0.632     23.162     0.00    0.00      0.00
1790       2.858      0.703     23.495     0.00    0.00      0.00
1800       2.915      0.781     23.876     0.00    0.00      0.00
1810       2.988      0.870     24.209     0.00    0.00      0.00
1820       3.058      0.965     24.521     0.00    0.00      0.00
1830       3.109       1.08     24.888     0.00    0.00      0.00
1840       3.191       1.21     25.197     0.00    0.00      0.00
1850       3.271       1.34     25.472     0.00    0.00      0.00
1860       3.348       1.51     25.998     0.00    0.00      0.00
1870       3.438       1.70     26.346     0.00    0.00      0.00
1880       3.542       1.79     26.814     0.00    0.00      0.00
1890       3.787       2.07     26.930     0.00    0.00      0.00
1900       3.881       2.48     27.162     0.00    0.01      0.00
1910       3.875       2.85     26.842     0.00    0.00      0.00
1920       3.962       3.37     26.640     0.00    0.00      0.00
1930       3.999       3.93     26.396     0.00    0.00      0.00
1940       4.064       4.65     26.082     0.00    0.00      0.00
1950       4.125       5.50     25.819     0.00    0.00      0.00
1960       4.212       6.47     25.655     0.00    0.00      0.00
1970       4.309       7.60     25.455     0.00    0.00      0.00
1980       4.430       8.86     25.299     0.00    0.00      0.00
1990       4.503       10.2     25.073     0.00    0.00      0.00
2000       4.614       11.7     24.874     0.00    0.00      0.00
2010       4.677       13.1     24.366     0.00    0.00      0.00
2020       4.737       14.5     23.836     0.00    0.00      0.00
2030       4.818       15.8     23.322     0.00    0.00      0.00
2040       4.894       16.9     22.752     0.00    0.01      0.00
2050       4.965       17.8     22.224     0.00    0.00      0.00
2060       5.056       18.6     21.654     0.00    0.00      0.00
2070       5.141       19.1     21.051     0.00    0.00      0.00
2080       5.244       19.6     20.461     0.00    0.00      0.00
2090       5.352       19.8     19.844     0.00    0.00      0.00
2100       5.475       19.9     19.232     0.00    0.00      0.00
2110       5.659       20.1     18.847     0.00    0.00      0.00
2120       5.844       20.3     18.423     0.00    0.00      0.00
2130       6.061       20.3     18.011     0.00    0.00      0.00
2140       6.265       20.3     17.550     0.00    0.00      0.00
2150       6.488       20.3     17.130     0.00    0.00      0.00
2160       6.727       20.3     16.683     0.00    0.00      0.00
2170       6.981       20.3     16.249     0.00    0.00      0.00
2180       7.219       20.2     15.782     0.00    0.00      0.00
2190       7.449       20.2     15.383     0.00    0.00      0.00
2200       7.708       20.2     14.929     0.00    0.00      0.00
2210       7.916       19.7     14.241     0.00    0.00      0.00
2220       8.265       19.4     13.559     0.00    0.00      0.01
2230       8.634       19.0     12.907     0.00    0.00      0.00
2240       9.004       18.5     12.273     0.00    0.00      0.00
2250       9.525       18.4     11.837     0.00    0.00      0.00
2260      10.086       18.2     11.409     0.00    0.00      0.00
2270      10.649       18.1     10.989     0.00    0.00      0.01
2280      11.250       17.8     10.587     0.00    0.00      0.00
2290      11.863       17.6     10.181     0.00    0.00      0.00
2300      12.478       17.4      9.803     0.00    0.00      0.00
2310      13.104       17.2      9.437     0.00    0.00      0.00
2320      13.761       16.9      9.082     0.00    0.00      0.00
2330      14.400       16.7      8.732     0.00    0.00      0.00
2340      14.994       16.4      8.437     0.00    0.00      0.00
2350      15.713       16.2      8.161     0.00    0.00      0.00
2360      16.454       16.0      7.902     0.00    0.00      0.00
2370      17.177       15.8      7.644     0.00    0.00      0.00
2380      17.874       15.5      7.397     0.00    0.00      0.00
2390      18.535       15.3      7.150     0.00    0.00      0.00
2400      19.188       15.0      6.928     0.00    0.00      0.00
2410      19.785       14.8      6.698     0.00    0.00      0.00
2420      20.364       14.4      6.475     0.00    0.00      0.00
2430      20.906       14.0      6.260     0.00    0.00      0.00
2440      21.401       13.7      6.051     0.00    0.00      0.00
2450      21.637       13.2      5.795     0.00    0.00      0.00
2460      21.833       12.6      5.546     0.00    0.00      0.00
2470      21.963       12.0      5.309     0.00    0.00      0.00
2480      22.083       11.4      5.078     0.00    0.00      0.00
2490      22.154       10.8      4.866     0.00    0.00      0.00
2500      22.187       10.3      4.683     0.00    0.00      0.00
2510      22.210       9.67      4.492     0.00    0.00      0.00
2520      22.203       9.03      4.306     0.00    0.00      0.00
2530      22.177       8.40      4.133     0.00    0.00      0.00
2540      22.111       7.79      3.959     0.00    0.00      0.00
2550      22.222       7.25      3.828     0.00    0.00      0.00
2560      22.269       6.71      3.700     0.00    0.00      0.00
2570      22.276       6.18      3.582     0.00    0.00      0.00
2580      22.253       5.68      3.467     0.00    0.00      0.00
2590      22.230       5.20      3.357     0.00    0.00      0.00
2600      22.178       4.75      3.251     0.00    0.00      0.00
2610      22.117       4.32      3.221     0.00    0.00      0.00
2620      22.026       3.93      3.190     0.00    0.00      0.00
2630      21.935       3.56      3.158     0.00    0.00      0.00
2640      21.815       3.21      3.126     0.00    0.00      0.00
2650      21.628       2.90      3.094     0.00    0.00      0.00
2660      21.412       2.61      3.060     0.00    0.00      0.00
2670      21.177       2.35      3.026     0.00    0.00      0.00
2680      20.981       2.13      2.990     0.00    0.00      0.00
2690      20.728       1.92      2.954     0.00    0.00      0.00
2700      20.476       1.73      2.916     0.00    0.00      0.00
2710      20.214       1.55      2.877     0.00    0.00      0.00
2720      19.944       1.40      2.838     0.00    0.00      0.00
2730      19.665       1.27      2.797     0.00    0.00      0.00
2740      19.377       1.14      2.755     0.00    0.00      0.00
2750      19.004       1.03      2.712     0.00    0.00      0.00
2760      18.603      0.930      2.666     0.00    0.00      0.00
2770      18.241      0.838      2.620     0.00    0.00      0.00
2780      17.852      0.759      2.574     0.00    0.00      0.00
2790      17.445      0.685      2.525     0.00    0.00      0.00
2800      17.049      0.624      2.473     0.00    0.00      0.00
2810      16.634      0.564      2.422     0.00    0.00      0.00
2820      16.212      0.515      2.369     0.00    0.00      0.00
2830      15.790      0.467      2.312     0.00    0.00      0.00
2840      15.351      0.424      2.255     0.01    0.00      0.00
2850      14.923      0.388      2.199     0.01    0.00      0.00
2860      14.486      0.358      2.140     0.01    0.00      0.00
2870      14.051      0.328      2.081     0.01    0.00      0.00
2880      13.645      0.298      2.023     0.01    0.00      0.00
2890      13.212      0.274      1.963     0.01    0.00      0.00
2900      12.781      0.256      1.904     0.01    0.00      0.00
2910      12.288      0.232      1.845     0.01    0.00      0.00
2920      11.730      0.215      1.784     0.01    0.00      0.00
2930      11.191      0.197      1.727     0.01    0.00      0.00
2940      10.662      0.185      1.668     0.01    0.00      0.00
2950      10.144      0.167      1.610     0.01    0.00      0.00
2960       9.644      0.155      1.555     0.01    0.00      0.00
2970       9.171      0.144      1.498     0.01    0.00      0.00
2980       8.715      0.137      1.441     0.01    0.00      0.00
2990       8.269      0.126      1.389     0.01    0.00      0.00
3000       7.841      0.114      1.338     0.01    0.00      0.00
3010       7.445      0.108      1.288     0.06    0.00      0.00
3020       7.058      0.102      1.240     1.07    0.00      0.00
3030       6.679     0.0965      1.194     5.30    0.00      0.00
3040       6.331     0.0907      1.150     12.3    0.00      0.01
3050       5.907     0.0838      1.105     19.8    0.00      0.00
3060       5.500     0.0770      1.064     23.7    0.00      0.00
3070       5.133     0.0704      1.023     24.6    0.00      0.00
3080       4.782     0.0640      0.984     30.2    0.00      0.00
3090       4.461     0.0577      0.946     34.9    0.00      0.00
3100       4.148     0.0568      0.910     34.8    0.00      0.00
3110       3.864     0.0508      0.874     35.3    0.00      0.00
3120       3.601     0.0499      0.841     37.3    0.00      0.00
3130       3.338     0.0441      0.807     39.7    0.00      0.00
3140       3.101     0.0433      0.776     39.4    0.00      0.00
3150       2.949     0.0387      0.745     38.1    0.00      0.00
3160       2.801     0.0389      0.716     36.7    0.00      0.00
3170       2.662     0.0342      0.687     36.5    0.00      0.00
3180       2.526     0.0344      0.659     38.2    0.00      0.00
3190       2.400     0.0297      0.632     41.2    0.00      0.00
3200       2.229     0.0298      0.606     44.2    0.00      0.00
3210       2.121     0.0283      0.581     41.5    0.00      0.00
3220       2.010     0.0268      0.556     37.4    0.00      0.00
3230       1.913     0.0253      0.532     38.4    0.00      0.00
3240       1.813     0.0244      0.509     42.8    0.00      0.01
3250       1.711     0.0234      0.487     44.6    0.00      0.01
3260       1.611     0.0223      0.465     45.7    0.00      0.00
3270       1.518     0.0213      0.444     47.3    0.00      0.00
3280       1.434     0.0203      0.424     47.7    0.00      0.01
3290       1.352     0.0192      0.404     47.1    0.00      0.01
3300       1.267     0.0182      0.385     46.9    0.00      0.01
3310       1.251     0.0172      0.367     47.4    0.00      0.00
3320       1.235     0.0161      0.350     48.2    0.00      0.00
3330       1.219     0.0151      0.333     47.1    0.00      0.00
3340       1.203     0.0151      0.316     43.5    0.00      0.00
3350       1.187     0.0150      0.301     41.5    0.00      0.01
3360       1.171     0.0149      0.286     42.1    0.00      0.00
3370       1.155     0.0149      0.271     41.5    0.00      0.00
3380       1.139     0.0148      0.257     39.4    0.00      0.00
3390       1.124     0.0137      0.244     38.7    0.00      0.00
3400       1.108     0.0127      0.231     41.0    0.00      0.00
3410       1.092     0.0117      0.219     43.5    0.00      0.00
3420       1.077     0.0106      0.207     43.3    0.00      0.00
3430       1.062    0.00960      0.196     41.0    0.00      0.00
3440       1.047    0.00955      0.186     39.3    0.00      0.00
3450       1.032    0.00957      0.175     39.6    0.00      0.00
3460       1.017    0.00958      0.166     40.9    0.00      0.00
3470       1.003    0.00959      0.157     41.2    0.00      0.00
3480       0.989    0.00961      0.148     40.3    0.00      0.00
3490       0.974    0.00962      0.140     39.4    0.00      0.00
3500       0.961    0.00963      0.132     39.7    0.00      0.00
3510       0.947    0.00965      0.125     40.7    0.01      0.00
3520       0.934    0.00966      0.118     41.7    0.01      0.00
3530       0.921    0.00968      0.112     42.0    0.01      0.00
3540       0.908    0.00870      0.106     42.0    0.01      0.00
3550       0.895    0.00776      0.100     42.4    0.02      0.00
3560       0.883    0.00683      0.095     43.5    0.02      0.00
3570       0.871    0.00584      0.090     45.1    0.03      0.00
3580       0.859    0.00489      0.086     46.2    0.03      0.00
3590       0.848    0.00491      0.081     46.2    0.04      0.00
3600       0.837    0.00492      0.078     45.3    0.05      0.00
3610       0.826    0.00493      0.074     45.0    0.06      0.00
3620       0.816    0.00494      0.071     46.1    0.08      0.00
3630       0.806    0.00496      0.068     47.7    0.10      0.01
3640       0.797    0.00497      0.066     48.5    0.12      0.01
3650       0.787    0.00498      0.064     48.2    0.15      0.01
3660       0.778    0.00499      0.062     47.7    0.18      0.01
3670       0.770    0.00500      0.060     48.2    0.22      0.01
3680       0.761    0.00501      0.059     49.1    0.27      0.02
3690       0.753    0.00502      0.058     49.5    0.33      0.02
3700       0.745    0.00503      0.057     49.0    0.40      0.01
3710       0.738    0.00504      0.056     48.1    0.50      0.02
3720       0.731    0.00505      0.056     47.1    0.63      0.02
3730       0.724    0.00506      0.055     46.2    0.80      0.03
3740       0.717    0.00507      0.055     45.8    1.00      0.04
3750       0.710    0.00504      0.055     46.1    1.24      0.05
3760       0.704    0.00502      0.056     46.9    1.54      0.04
3770       0.698    0.00499      0.056     46.4    1.94      0.04
3780       0.692    0.00497      0.057     44.0    2.45      0.01
3790       0.686    0.00495      0.057     41.2    3.10      0.00
3800       0.680    0.00492      0.058     40.0    3.90      0.00
3810       0.675    0.00490      0.059     41.2    4.92      0.00
3820       0.670    0.00487      0.060     43.4    6.15      0.00
3830       0.665    0.00485      0.062     43.7    7.55      0.00
3840       0.660    0.00483      0.063     39.6    9.12      0.00
3850       0.655    0.00481      0.064     31.4    10.9      0.00
3860       0.650    0.00478      0.066     21.5    13.0      0.00
3870       0.646    0.00476      0.067     12.9    15.5      0.00
3880       0.641    0.00474      0.068     7.27    18.1      0.00
3890       0.637    0.00472      0.070     4.10    20.1      0.00
3900       0.633    0.00470      0.072     2.46    20.9      0.00
3910       0.628    0.00468      0.073     1.59    21.0      0.00
3920       0.624    0.00466      0.075     1.08    21.1      0.00
3930       0.620    0.00463      0.076     0.76    21.9      0.00
3940       0.616    0.00460      0.078     0.54    23.7      0.00
3950       0.612    0.00451      0.079     0.37    26.1      0.00
3960       0.608    0.00442      0.080     0.25    28.4      0.00
3970       0.605    0.00433      0.082     0.16    29.9      0.00
3980       0.601    0.00424      0.083     0.11    30.4      0.00
3990       0.597    0.00415      0.084     0.08    30.4      0.00
4000       0.593    0.00407      0.086     0.06    30.6      0.00
4010       0.589    0.00398      0.087     0.05    31.4      0.00
4020       0.585    0.00390      0.087     0.04    32.4      0.00
4030       0.581    0.00381      0.088     0.03    33.1      0.00
4040       0.577    0.00373      0.089     0.03    32.9      0.00
4050       0.574    0.00365      0.090     0.03    31.9      0.00
4060       0.569    0.00358      0.090     0.02    30.5      0.00
4070       0.565    0.00351      0.091     0.02    29.5      0.00
4080       0.561    0.00344      0.091     0.02    29.3      0.00
4090       0.557    0.00337      0.091     0.01    30.0      0.00
4100       0.553    0.00330      0.091     0.01    31.3      0.00
4110       0.548    0.00322      0.092     0.01    32.6      0.00
4120       0.544    0.00315      0.092     0.01    33.3      0.00
4130       0.539    0.00308      0.092     0.01    33.1      0.00
4140       0.534    0.00301      0.092     0.01    32.2      0.00
4150       0.529    0.00293      0.091     0.01    31.0      0.00
4160       0.524    0.00284      0.091     0.01    30.2      0.00
4170       0.519    0.00276      0.091     0.01    30.2      0.01
4180       0.514    0.00268      0.091     0.01    30.8      0.00
4190       0.508    0.00260      0.090     0.01    31.8      0.00
4200       0.502    0.00252      0.090     0.01    33.0      0.00
4210       0.496    0.00244      0.089     0.01    33.8      0.00
4220       0.490    0.00236      0.089     0.01    34.3      0.00
4230       0.484    0.00228      0.088     0.01    34.5      0.00
4240       0.478    0.00221      0.087     0.01    34.6      0.00
4250       0.471    0.00214      0.087     0.01    35.0      0.00
4260       0.464    0.00207      0.086     0.01    35.6      0.00
4270       0.457    0.00200      0.085     0.01    36.3      0.00
4280       0.450    0.00193      0.084     0.01    36.6      0.00
4290       0.443    0.00187      0.083     0.01    36.4      0.00
4300       0.436    0.00180      0.082     0.01    35.6      0.00
4310       0.429    0.00173      0.081     0.01    34.3      0.00
4320       0.421    0.00166      0.080     0.01    33.2      0.00
4330       0.413    0.00159      0.079     0.01    32.4      0.00
4340       0.406    0.00153      0.078     0.01    32.3      0.00
4350       0.398    0.00145      0.077     0.01    32.5      0.00
4360       0.390    0.00137      0.076     0.01    33.3      0.00
4370       0.382    0.00130      0.075     0.01    34.1      0.00
4380       0.374    0.00122      0.074     0.01    34.9      0.00
4390       0.366    0.00115      0.073     0.01    35.3      0.01
4400       0.358    0.00108      0.072     0.01    35.2      0.01
4410       0.350    0.00101      0.071     0.01    34.7      0.00
4420       0.342    .000935      0.070     0.01    34.1      0.01
4430       0.334    .000866      0.069     0.01    33.6      0.00
4440       0.326    .000797      0.068     0.01    33.2      0.00
4450       0.318    .000730      0.066     0.01    33.0      0.00
4460       0.310    .000664      0.065     0.01    32.8      0.00
4470       0.302    .000598      0.064     0.01    32.6      0.00
4480       0.294    .000534      0.063     0.01    32.2      0.00
4490       0.285    .000471      0.062     0.01    31.7      0.00
4500       0.277    .000409      0.061     0.01    31.2      0.00
4510       0.270    .000347      0.060     0.01    30.7      0.00
4520       0.262    .000287      0.059     0.01    30.4      0.00
4530       0.254    .000228      0.058     0.01    30.3      0.00
4540       0.246    .000170      0.057     0.01    30.3      0.00
4550       0.238    .000114      0.056     0.01    30.7      0.00
4560       0.231    .76e-05      0.055     0.01    31.1      0.00
4570       0.223    .65e-06      0.054     0.01    31.4      0.00
4580       0.216       0.00      0.053     0.01    31.5      0.00
4590       0.209       0.00      0.052     0.01    31.5      0.00
4600       0.201       0.00      0.051     0.01    31.4      0.00
4610       0.194       0.00      0.051     0.01    31.3      0.00
4620       0.187       0.00      0.050     0.01    31.1      0.00
4630       0.181       0.00      0.049     0.02    30.9      0.01
4640       0.174       0.00      0.048     0.02    30.7      0.01
4650       0.168       0.00      0.047     0.03    30.2      0.01
4660       0.161       0.00      0.046     0.02    29.7      0.01
4670       0.155       0.00      0.046     0.02    29.2      0.01
4680       0.149       0.00      0.045     0.02    28.8      0.02
4690       0.143       0.00      0.044     0.02    28.4      0.03
4700       0.138       0.00      0.043     0.02    27.9      0.03
4710       0.133       0.00      0.043     0.03    27.4      0.04
4720       0.127       0.00      0.042     0.05    26.8      0.05
4730       0.122       0.00      0.041     0.26    26.1      0.06
4740       0.118       0.00      0.041     1.72    25.3      0.06
4750       0.113       0.00      0.040     4.14    24.8      0.07
4760       0.109       0.00      0.039     4.04    24.4      0.07
4770       0.104       0.00      0.039     1.87    24.1      0.06
4780       0.100       0.00      0.038     0.45    23.9      0.06
4790       0.097       0.00      0.037     0.06    23.9      0.05
4800       0.093       0.00      0.037     0.01    24.0      0.05
4810       0.089       0.00      0.036     0.01    24.1      0.06
4820       0.086       0.00      0.035     0.00    24.1      0.06
4830       0.083       0.00      0.035     0.00    23.7      0.06
4840       0.080       0.00      0.034     0.00    22.7      0.06
4850       0.077       0.00      0.034     0.00    21.1      0.06
4860       0.074       0.00      0.033     0.00    18.7      0.07
4870       0.071       0.00      0.033     0.00    15.8      0.08
4880       0.069       0.00      0.032     0.00    12.6      0.09
4890       0.067       0.00      0.032     0.00    9.64      0.10
4900       0.064       0.00      0.031     0.00    7.10      0.12
4910       0.062       0.00      0.031     0.00    5.11      0.15
4920       0.060       0.00      0.030     0.00    3.64      0.18
4930       0.058       0.00      0.030     0.00    2.59      0.22
4940       0.057       0.00      0.029     0.00    1.85      0.28
4950       0.055       0.00      0.029     0.00    1.32      0.36
4960       0.053       0.00      0.028     0.00    0.95      0.46
4970       0.052       0.00      0.028     0.00    0.69      0.60
4980       0.051       0.00      0.028     0.00    0.50      0.79
4990       0.049       0.00      0.027     0.00    0.37      1.06
5000       0.048       0.00      0.027     0.00    0.27      1.44
5010       0.047       0.00      0.026     0.00    0.20      1.96
5020       0.046       0.00      0.026     0.00    0.15      2.70
5030       0.045       0.00      0.026     0.00    0.12      3.69
5040       0.044       0.00      0.025     0.00    0.09      4.97
5050       0.043       0.00      0.025     0.00    0.07      6.54
5060       0.043       0.00      0.025     0.00    0.05      8.31
5070       0.042       0.00      0.024     0.00    0.04      10.15
5080       0.041       0.00      0.024     0.00    0.04      11.88
5090       0.041       0.00      0.024     0.00    0.03      13.40
5100       0.040       0.00      0.023     0.00    0.02      14.67
5110       0.040       0.00      0.023     0.00    0.02      15.70
5120       0.039       0.00      0.023     0.00    0.02      16.56
5130       0.039       0.00      0.023     0.00    0.01      17.32
5140       0.038       0.00      0.022     0.00    0.01      18.04
5150       0.038       0.00      0.022     0.00    0.01      18.85
5160       0.038       0.00      0.022     0.00    0.01      19.65
5170       0.037       0.00      0.021     0.00    0.01      20.42
5180       0.037       0.00      0.021     0.00    0.01      21.13
5190       0.037       0.00      0.021     0.00    0.00      21.70
5200       0.036       0.00      0.021     0.00    0.00      22.12
5210       0.036       0.00      0.020     0.00    0.00      22.32
5220       0.036       0.00      0.020     0.00    0.00      22.33
5230       0.036       0.00      0.020     0.00    0.00      22.19
5240       0.035       0.00      0.020     0.00    0.00      21.92
5250       0.035       0.00      0.020     0.00    0.00      21.44
5260       0.035       0.00      0.019     0.00    0.00      21.00
5270       0.034       0.00      0.019     0.00    0.00      20.62
5280       0.034       0.00      0.019     0.00    0.00      20.35
5290       0.034       0.00      0.019     0.00    0.00      20.17
5300       0.034       0.00      0.019     0.00    0.00      20.07
5310       0.033       0.00      0.018     0.00    0.00      20.01
5320       0.033       0.00      0.018     0.00    0.00      19.98
5330       0.033       0.00      0.018     0.00    0.00      19.93
5340       0.033       0.00      0.018     0.00    0.00      19.85
5350       0.032       0.00      0.018     0.00    0.00      19.86
5360       0.032       0.00      0.017     0.00    0.00      19.80
5370       0.032       0.00      0.017     0.00    0.00      19.70
5380       0.031       0.00      0.017     0.00    0.00      19.59
5390       0.031       0.00      0.017     0.00    0.00      19.45
5400       0.031       0.00      0.017     0.00    0.00      19.29
5410       0.031       0.00      0.017     0.00    0.00      19.14
5420       0.030       0.00      0.016     0.00    0.00      18.97
5430       0.030       0.00      0.016     0.00    0.00      18.81
5440       0.030       0.00      0.016     0.00    0.00      18.64
5450       0.030       0.00      0.016     0.00    0.00      18.50
5460       0.029       0.00      0.016     0.00    0.00      18.36
5470       0.029       0.00      0.016     0.00    0.00      18.23
5480       0.029       0.00      0.016     0.00    0.00      18.10
5490       0.029       0.00      0.015     0.00    0.00      17.97
5500       0.028       0.00      0.015     0.00    0.00      17.85
5510       0.028       0.00      0.015     0.00    0.00      17.74
5520       0.028       0.00      0.015     0.00    0.00      17.61
5530       0.028       0.00      0.015     0.00    0.00      17.49
5540       0.027       0.00      0.015     0.00    0.00      17.36
5550       0.027       0.00      0.015     0.00    0.00      17.23
5560       0.027       0.00      0.014     0.00    0.00      17.09
5570       0.027       0.00      0.014     0.00    0.00      16.93
5580       0.026       0.00      0.014     0.00    0.00      16.78
5590       0.026       0.00      0.014     0.00    0.00      16.64
5600       0.026       0.00      0.014     0.00    0.00      16.50
5610       0.026       0.00      0.014     0.00    0.00      16.38
5620       0.025       0.00      0.014     0.00    0.00      16.28
5630       0.025       0.00      0.013     0.00    0.00      16.18
5640       0.025       0.00      0.013     0.00    0.00      16.08
5650       0.025       0.00      0.013     0.00    0.00      15.94
5660       0.024       0.00      0.013     0.00    0.00      15.80
5670       0.024       0.00      0.013     0.00    0.00      15.65
5680       0.024       0.00      0.013     0.00    0.00      15.49
5690       0.024       0.00      0.013     0.00    0.00      15.27
5700       0.024       0.00      0.013     0.00    0.00      15.01
5710       0.023       0.00      0.012     0.00    0.00      14.70
5720       0.023       0.00      0.012     0.00    0.00      14.35
5730       0.023       0.00      0.012     0.00    0.00      13.96
5740       0.023       0.00      0.012     0.00    0.00      13.54
5750       0.022       0.00      0.012     0.00    0.00      13.21
5760       0.022       0.00      0.012     0.00    0.00      12.90
5770       0.022       0.00      0.012     0.00    0.00      12.59
5780       0.022       0.00      0.011     0.00    0.00      12.28
5790       0.021       0.00      0.011     0.00    0.00      11.94
5800       0.021       0.00      0.011     0.00    0.00      11.53
5810       0.021       0.00      0.011     0.00    0.00      10.97
5820       0.021       0.00      0.011     0.00    0.00      10.24
5830       0.021       0.00      0.011     0.00    0.00      9.30
5840       0.020       0.00      0.011     0.00    0.00      8.21
5850       0.020       0.00      0.011     0.00    0.00      7.21
5860       0.020       0.00      0.010     0.00    0.00      6.02
5870       0.020       0.00      0.010     0.00    0.00      4.94
5880       0.020       0.00      0.010     0.00    0.00      4.02
5890       0.019       0.00      0.010     0.00    0.00      3.25
5900       0.019       0.00      0.010     0.00    0.00      2.62
5910       0.019       0.00      0.010     0.00    0.00      2.10
5920       0.019       0.00      0.010     0.00    0.00      1.67
5930       0.019       0.00      0.010     0.00    0.00      1.32
5940       0.018       0.00      0.010     0.00    0.00      1.03
5950       0.018       0.00      0.009     0.00    0.00      0.79
5960       0.018       0.00      0.009     0.00    0.00      0.61
5970       0.018       0.00      0.009     0.00    0.00      0.46
5980       0.018       0.00      0.009     0.00    0.00      0.35
5990       0.017       0.00      0.009     0.00    0.00      0.26
6000       0.017       0.00      0.009     0.00    0.00      0.20
6010       0.017       0.00      0.009     0.00    0.00      0.15
6020       0.017       0.00      0.009     0.00    0.00      0.12
6030       0.017       0.00      0.009     0.00    0.00      0.09
6040       0.016       0.00      0.008     0.00    0.00      0.08
6050       0.016       0.00      0.008     0.00    0.00      0.06
6060       0.016       0.00      0.008     0.00    0.00      0.05
6070       0.016       0.00      0.008     0.00    0.00      0.04
6080       0.016       0.00      0.008     0.00    0.00      0.04
6090       0.015       0.00      0.008     0.00    0.00      0.03
6100       0.015       0.00      0.008     0.00    0.00      0.03
6110       0.015       0.00      0.008     0.00    0.00      0.03
6120       0.015       0.00      0.008     0.00    0.00      0.02
6130       0.015       0.00      0.007     0.00    0.00      0.02
6140       0.014       0.00      0.007     0.00    0.00      0.02
6150       0.014       0.00      0.007     0.00    0.00      0.01
6160       0.014       0.00      0.007     0.00    0.00      0.01
6170       0.014       0.00      0.007     0.00    0.00      0.01
6180       0.014       0.00      0.007     0.00    0.00      0.01
6190       0.013       0.00      0.007     0.00    0.00      0.01
6200       0.013       0.00      0.007     0.00    0.00      0.01
6210       0.013       0.00      0.007     0.00    0.00      0.01
6220       0.013       0.00      0.006     0.00    0.00      0.00
6230       0.013       0.00      0.006     0.00    0.00      0.00
6240       0.013       0.00      0.006     0.00    0.00      0.00
6250       0.012       0.00      0.006     0.00    0.00      0.00
6260       0.012       0.00      0.006     0.00    0.00      0.00
6270       0.012       0.00      0.006     0.00    0.00      0.00
6280       0.012       0.00      0.006     0.00    0.00      0.00
6290       0.012       0.00      0.006     0.00    0.00      0.00
6300       0.011       0.00      0.006     0.00    0.00      0.00
6310       0.011       0.00      0.006     0.00    0.00      0.00
6320       0.011       0.00      0.005     0.00    0.00      0.00
6330       0.011       0.00      0.005     0.00    0.00      0.00
6340       0.011       0.00      0.005     0.00    0.00      0.00
6350       0.011       0.00      0.005     0.00    0.00      0.00
6360       0.010       0.00      0.005     0.00    0.00      0.00
6370       0.010       0.00      0.005     0.00    0.00      0.00
6380       0.010       0.00      0.005     0.00    0.00      0.00
6390       0.010       0.00      0.005     0.00    0.00      0.00
6400       0.010       0.00      0.005     0.00    0.00      0.00
6410       0.010       0.00      0.005     0.00    0.00      0.00
6420       0.009       0.00      0.004     0.00    0.00      0.00
6430       0.009       0.00      0.004     0.00    0.00      0.00
6440       0.009       0.00      0.004     0.00    0.00      0.00
6450       0.009       0.00      0.004     0.00    0.00      0.00
6460       0.009       0.00      0.004     0.00    0.00      0.00
6470       0.009       0.00      0.004     0.00    0.00      0.00
6480       0.008       0.00      0.004     0.00    0.00      0.00
6490       0.008       0.00      0.004     0.00    0.00      0.00
6500       0.008       0.00      0.004     0.00    0.00      0.00
6510       0.008       0.00      0.004     0.00    0.00      0.00
6520       0.008       0.00      0.004     0.00    0.00      0.00
6530       0.008       0.00      0.003     0.00    0.00      0.00
6540       0.007       0.00      0.003     0.00    0.00      0.00
6550       0.007       0.00      0.003     0.00    0.00      0.00
6560       0.007       0.00      0.003     0.00    0.00      0.00
6570       0.007       0.00      0.003     0.00    0.00      0.00
6580       0.007       0.00      0.003     0.00    0.00      0.00
6590       0.007       0.00      0.003     0.00    0.00      0.00
6600       0.006       0.00      0.003     0.00    0.00      0.00
6610       0.006       0.00      0.003     0.00    0.00      0.00
6620       0.006       0.00      0.003     0.00    0.00      0.00
6630       0.006       0.00      0.003     0.00    0.00      0.00
6640       0.006       0.00      0.002     0.00    0.00      0.00
6650       0.006       0.00      0.002     0.00    0.00      0.00
6660       0.005       0.00      0.002     0.00    0.00      0.00
6670       0.005       0.00      0.002     0.00    0.00      0.00
6680       0.005       0.00      0.002     0.00    0.00      0.00
6690       0.005       0.00      0.002     0.00    0.00      0.00
6700       0.005       0.00      0.002     0.00    0.00      0.00
6710       0.005       0.00      0.002     0.00    0.00      0.00
6720       0.004       0.00      0.002     0.00    0.00      0.00
6730       0.004       0.00      0.002     0.00    0.00      0.00
6740       0.004       0.00      0.002     0.00    0.00      0.00
6750       0.004       0.00      0.002     0.00    0.00      0.00
6760       0.004       0.00      0.001     0.00    0.00      0.00
6770       0.004       0.00      0.001     0.00    0.00      0.00
6780       0.003       0.00      0.001     0.00    0.00      0.00
6790       0.003       0.00      0.001     0.00    0.00      0.00
6800       0.003       0.00      0.001     0.00    0.00      0.00
6810       0.003       0.00      0.001     0.00    0.00      0.00
6820       0.003       0.00      0.001     0.00    0.00      0.00
6830       0.003       0.00      0.001     0.00    0.00      0.00
6840       0.003       0.00      0.001     0.00    0.00      0.00
6850       0.002       0.00      0.001     0.00    0.00      0.00
6860       0.002       0.00      0.001     0.00    0.00      0.00
6870       0.002       0.00      0.001     0.00    0.00      0.00
6880       0.002       0.00      0.001     0.00    0.00      0.00
6890       0.002       0.00      0.001     0.00    0.00      0.00
6900       0.002       0.00      0.001     0.00    0.00      0.00
6910       0.001       0.00      0.000     0.00    0.00      0.00
6920       0.001       0.00      0.000     0.00    0.00      0.00
6930       0.001       0.00      0.000     0.00    0.00      0.00
6940       0.001       0.00      0.000     0.00    0.00      0.00
6950       0.001       0.00      0.000     0.00    0.00      0.00
6960       0.001       0.00      0.000     0.00    0.00      0.00
6970       0.000       0.00      0.000     0.00    0.00      0.00
6980       0.000       0.00      0.000     0.00    0.00      0.00
6990       0.000       0.00      0.000     0.00    0.00      0.00
7000       0.000       0.00      0.000     0.00    0.00      0.00
7010        0.00       0.00      0.000     0.00    0.00      0.00
7020        0.00       0.00      0.000     0.00    0.00      0.00
7030        0.00       0.00      0.000     0.00    0.00      0.00
7040        0.00       0.00      0.000     0.00    0.00      0.00
7050        0.00       0.00      0.000     0.00    0.00      0.00
7060        0.00       0.00      0.000     0.00    0.00      0.00
7070        0.00       0.00      0.000     0.00    0.00      0.00
7080        0.00       0.00      0.000     0.00    0.00      0.00
7090        0.00       0.00      0.000     0.00    0.00      0.00
7100        0.00       0.00      0.000     0.00    0.00      0.00
7110        0.00       0.00      0.000     0.00    0.00      0.00
7120        0.00       0.00      0.000     0.00    0.00      0.00
7130        0.00       0.00      0.000     0.00    0.00      0.00
7140        0.00       0.00      0.000     0.00    0.00      0.00
7150        0.00       0.00      0.000     0.00    0.00      0.00
7160        0.00       0.00      0.000     0.00    0.00      0.00
7170        0.00       0.00      0.000     0.00    0.00      0.00
7180        0.00       0.00      0.000     0.00    0.00      0.00
7190        0.00       0.00      0.000     0.00    0.00      0.00
7200        0.00       0.00      0.000     0.00    0.00      0.00
7210        0.00       0.00      0.000     0.00    0.00      0.00
7220        0.00       0.00      0.000     0.00    0.00      0.00
7230        0.00       0.00      0.000     0.00    0.00      0.00
7240        0.00       0.00      0.000     0.00    0.00      0.00
7250        0.00       0.00      0.000     0.00    0.00      0.00
7260        0.00       0.00      0.000     0.00    0.00      0.00
7270        0.00       0.00      0.000     0.00    0.00      0.00
7280        0.00       0.00      0.000     0.00    0.00      0.00
7290        0.00       0.00      0.000     0.00    0.00      0.00
7300        0.00       0.00      0.000     0.00    0.00      0.00
7310        0.00       0.00      0.000     0.00    0.00      0.00
7320        0.00       0.00      0.000     0.00    0.00      0.00
7330        0.00       0.00      0.000     0.00    0.00      0.00
7340        0.00       0.00      0.000     0.00    0.00      0.00
7350        0.00       0.00      0.000     0.00    0.00      0.00
7360        0.00       0.00      0.000     0.00    0.00      0.00
7370        0.00       0.00      0.000     0.00    0.00      0.00
7380        0.00       0.00      0.000     0.00    0.00      0.00
7390        0.00       0.00      0.000     0.00    0.00      0.00
7400        0.00       0.00      0.000     0.00    0.00      0.00
7410        0.00       0.00      0.000     0.00    0.00      0.00
7420        0.00       0.00      0.000     0.00    0.00      0.00
7430        0.00       0.00      0.000     0.00    0.00      0.00
7440        0.00       0.00      0.000     0.00    0.00      0.00
7450        0.00       0.00      0.000     0.00    0.00      0.00
7460        0.00       0.00      0.000     0.00    0.00      0.00
7470        0.00       0.00      0.000     0.00    0.00      0.00
7480        0.00       0.00      0.000     0.00    0.00      0.00
7490        0.00       0.00      0.000     0.00    0.00      0.00
7500        0.00       0.00      0.000     0.00    0.00      0.00
7510        0.00       0.00      0.000     0.00    0.00      0.00
7520        0.00       0.00      0.001     0.00    0.00      0.00
7530        0.00       0.00      0.001     0.00    0.00      0.00
7540        0.00       0.00      0.001     0.00    0.00      0.00
7550        0.00       0.00      0.001     0.00    0.00      0.00
7560        0.00       0.00      0.001     0.00    0.00      0.00
7570        0.00       0.00      0.001     0.00    0.00      0.00
7580        0.00       0.00      0.001     0.00    0.00      0.00
7590        0.00       0.00      0.001     0.00    0.00      0.00
7600        0.00       0.00      0.001     0.00    0.00      0.00
7610        0.00       0.00      0.001     0.00    0.00      0.00
7620        0.00       0.00      0.002     0.00    0.00      0.00
7630        0.00       0.00      0.002     0.00    0.00      0.00
7640        0.00       0.00      0.002     0.00    0.00      0.00
7650        0.00       0.00      0.002     0.00    0.00      0.00
7660        0.00       0.00      0.002     0.00    0.00      0.00
7670        0.00       0.00      0.002     0.00    0.00      0.00
7680        0.00       0.00      0.002     0.00    0.00      0.00
7690        0.00       0.00      0.002     0.00    0.00      0.00
7700        0.00       0.00      0.003     0.00    0.00      0.00
7710        0.00       0.00      0.003     0.00    0.00      0.00
7720        0.00       0.00      0.003     0.00    0.00      0.00
7730        0.00       0.00      0.003     0.00    0.00      0.00
7740        0.00       0.00      0.003     0.00    0.00      0.00
7750        0.00       0.00      0.003     0.00    0.00      0.00
7760        0.00       0.00      0.003     0.00    0.00      0.00
7770        0.00       0.00      0.004     0.00    0.00      0.00
7780        0.00       0.00      0.004     0.00    0.00      0.00
7790        0.00       0.00      0.004     0.00    0.00      0.00
7800        0.00       0.00      0.004     0.00    0.00      0.00
7810        0.00       0.00      0.004     0.00    0.00      0.00
7820        0.00       0.00      0.004     0.00    0.00      0.00
7830        0.00       0.00      0.005     0.00    0.00      0.00
7840        0.00       0.00      0.005     0.00    0.00      0.00
7850        0.00       0.00      0.005     0.00    0.00      0.00
7860        0.00       0.00      0.005     0.00    0.00      0.00
7870        0.00       0.00      0.005     0.00    0.00      0.00
7880        0.00       0.00      0.006     0.00    0.00      0.00
7890        0.00       0.00      0.006     0.00    0.00      0.00
7900        0.00       0.00      0.006     0.00    0.00      0.00
7910        0.00       0.00      0.006     0.00    0.00      0.00
7920        0.00       0.00      0.006     0.00    0.00      0.00
7930        0.00       0.00      0.007     0.00    0.00      0.00
7940        0.00       0.00      0.007     0.00    0.00      0.00
7950        0.00       0.00      0.007     0.00    0.00      0.00
7960        0.00       0.00      0.007     0.00    0.00      0.00
7970        0.00       0.00      0.008     0.00    0.00      0.00
7980        0.00       0.00      0.008     0.00    0.00      0.00
7990        0.00       0.00      0.008     0.00    0.00      0.00
8000        0.00       0.00      0.008     0.00    0.00      0.00